# Level   Particle Mass per Cell
      1                             0.156252826
      2                             0.03495420146
      3                             0.08903443812
      4                             0.01112930476
      5                             0.00139116309
      6                             0.00017389538
      7                             200
      8                             200
      9                             200
     10                             200
     11                             200
